0,273
0,270
95,35
10,290
10,216
10,94
10,140
10,262
10,190
10,172
9,2
9,3
8,9
8,10
8,6
8,16
8,3
65,6
65,5
65,4
65,3
65,2
65,1
65,0
64,5
64,4
64,3
64,2
64,1
64,0
62,4
62,3
62,2
62,1
62,0
52,3
52,1
20,3
20,2
20,1
19,3
19,2
19,1
12,3
12,2
12,1
11,30
11,29
11,28
11,27
11,26
11,25
11,24
11,23
11,22
11,21
11,20
11,19
11,18
11,17
11,16
11,15
11,14
11,13
11,12
11,11
11,10
11,9
11,8
11,7
11,6
11,5
11,4
11,3
11,2
11,1
10,314
10,313
10,308
10,307
10,292
10,276
10,272
10,266
10,226
10,174
10,124
18,1
10,1
18,3
